#This summary information was generated by BeamDyn

# --- Main parameters
Mass:     66932.755 # (kg)
Length:       117.149 # (m)
CG: [      -4.21533E-02,       0.00000E+00,       2.73086E+01] # Blade center of mass (IEC coords) (m) from blade root
JRoot: # 3 x 3 Blade mass moment of inertia at blade root. NOTE: from mass distribution only, missing some important inertial contributions (see PR#1337)
  - [       9.73257E+07,       0.00000E+00,       7.33142E+05]
  - [       0.00000E+00,       9.73441E+07,       0.00000E+00]
  - [       7.33142E+05,       0.00000E+00,       1.84239E+04]
GlbPos: [       0.00000E+00,       0.00000E+00,       0.00000E+00] # Global position vector (IEC coords) of blade root
GlbRot: # 3 x 3 Global rotation tensor (IEC coords)
  - [       1.00000E+00,       0.00000E+00,       0.00000E+00]
  - [       0.00000E+00,       1.00000E+00,       0.00000E+00]
  - [       0.00000E+00,       0.00000E+00,       1.00000E+00]
RootOri: # 3 x 3 Initial blade orientation tensor (relative to global rotation tensor)
  - [       1.00000E+00,       0.00000E+00,       0.00000E+00]
  - [       0.00000E+00,       1.00000E+00,       0.00000E+00]
  - [       0.00000E+00,       0.00000E+00,       1.00000E+00]
GlbCrv: [       0.00000E+00,       0.00000E+00,       0.00000E+00] # Global rotation WM parameters (IEC coords)
Gravity: [       0.00000E+00,       0.00000E+00,       0.00000E+00] # Gravity vector (m/s^2) (IEC coords)
Analysis_type:                      "DYNAMIC with quasi-steady-state start"
Rhoinf:     0.00000E+00 # Numerical damping parameter
dt:     2.00000E-03 # Time increment
niter:              10 # Maximum number of iterations in Newton-Raphson solution
tol:     1.00000E-05 # Convergence parameter
n_fact:               5 # Factorization frequency in Newton-Raphson solution
Quadrature_method:                                            Trapezoidal
FE_mesh_refinement_factor:                                              2
Number_of_elements:                                                     1
Number_of_nodes:                                                       11

# --- Initial values and conditions
# Initial position and Weiner-Milenkovic rotation vectors of nodes (IEC coordinate system)
#              X                  Y                  Z                WM_x               WM_y               WM_z       
#      -----------------  -----------------  -----------------  -----------------  -----------------  -----------------
# Element number:    1
Init_Nodes_E1: # 11 x 6
  - [       0.00000E+00,       0.00000E+00,       0.00000E+00,      -2.17344E-03,       1.58721E-02,      -2.72594E-01]
  - [       5.46966E-02,       0.00000E+00,       3.86092E+00,      -1.70423E-03,       1.25778E-02,      -2.69754E-01]
  - [       1.46435E-01,       0.00000E+00,       1.26077E+01,      -1.01780E-03,       8.90158E-03,      -2.27935E-01]
  - [       2.39188E-01,       0.00000E+00,       2.54337E+01,      -3.72138E-04,       5.16554E-03,      -1.43898E-01]
  - [       2.43014E-01,       0.00000E+00,       4.11981E+01,       2.26044E-04,      -6.37472E-03,      -7.08963E-02]
  - [      -5.40376E-02,       0.00000E+00,       5.85000E+01,       4.59984E-04,      -2.92563E-02,      -3.14416E-02]
  - [      -7.85406E-01,       0.00000E+00,       7.58019E+01,       6.43695E-06,      -5.48188E-02,      -2.34800E-04]
  - [      -1.80447E+00,       0.00000E+00,       9.15663E+01,      -1.05266E-03,      -7.32765E-02,       2.87199E-02]
  - [      -2.82415E+00,       0.00000E+00,       1.04392E+02,      -1.60404E-03,      -8.54068E-02,       3.75418E-02]
  - [      -3.61624E+00,       0.00000E+00,       1.13139E+02,      -1.39176E-03,      -9.59492E-02,       2.89920E-02]
  - [      -4.00000E+00,       0.00000E+00,       1.17000E+02,      -1.11127E-03,      -1.02493E-01,       2.16698E-02]

# Quadrature points position and rotation vectors
#              X                  Y                  Z                WM_x               WM_y               WM_z       
#      -----------------  -----------------  -----------------  -----------------  -----------------  -----------------
# Element number:    1
Init_QP_E1: # 51 x 6
  - [       0.00000E+00,       0.00000E+00,       0.00000E+00,      -2.17344E-03,       1.58721E-02,      -2.72594E-01]
  - [       9.15106E-03,       0.00000E+00,       5.85000E-01,      -2.09383E-03,       1.52725E-02,      -2.73098E-01]
  - [       1.79612E-02,       0.00000E+00,       1.17000E+00,      -2.01735E-03,       1.47120E-02,      -2.73238E-01]
  - [       2.64528E-02,       0.00000E+00,       1.75500E+00,      -1.94395E-03,       1.41883E-02,      -2.73035E-01]
  - [       3.46468E-02,       0.00000E+00,       2.34000E+00,      -1.87358E-03,       1.36995E-02,      -2.72508E-01]
  - [       4.25630E-02,       0.00000E+00,       2.92500E+00,      -1.80616E-03,       1.32436E-02,      -2.71676E-01]
  - [       5.02203E-02,       0.00000E+00,       3.51000E+00,      -1.74161E-03,       1.28187E-02,      -2.70556E-01]
  - [       5.76362E-02,       0.00000E+00,       4.09500E+00,      -1.67983E-03,       1.24228E-02,      -2.69167E-01]
  - [       6.48271E-02,       0.00000E+00,       4.68000E+00,      -1.62071E-03,       1.20541E-02,      -2.67526E-01]
  - [       7.18087E-02,       0.00000E+00,       5.26500E+00,      -1.56412E-03,       1.17109E-02,      -2.65649E-01]
  - [       7.85952E-02,       0.00000E+00,       5.85000E+00,      -1.50995E-03,       1.13914E-02,      -2.63552E-01]
  - [       9.47936E-02,       0.00000E+00,       7.31250E+00,      -1.38426E-03,       1.06853E-02,      -2.57447E-01]
  - [       1.10037E-01,       0.00000E+00,       8.77500E+00,      -1.27085E-03,       1.00916E-02,      -2.50285E-01]
  - [       1.24473E-01,       0.00000E+00,       1.02375E+01,      -1.16774E-03,       9.58663E-03,      -2.42270E-01]
  - [       1.38216E-01,       0.00000E+00,       1.17000E+01,      -1.07306E-03,       9.14866E-03,      -2.33587E-01]
  - [       1.63927E-01,       0.00000E+00,       1.46250E+01,      -9.02527E-04,       8.39455E-03,      -2.14860E-01]
  - [       1.87511E-01,       0.00000E+00,       1.75500E+01,      -7.48528E-04,       7.68695E-03,      -1.95226E-01]
  - [       2.08931E-01,       0.00000E+00,       2.04750E+01,      -6.04087E-04,       6.90782E-03,      -1.75559E-01]
  - [       2.27836E-01,       0.00000E+00,       2.34000E+01,      -4.65576E-04,       5.96181E-03,      -1.56516E-01]
  - [       2.43626E-01,       0.00000E+00,       2.63250E+01,      -3.31960E-04,       4.77458E-03,      -1.38566E-01]
  - [       2.55513E-01,       0.00000E+00,       2.92500E+01,      -2.03922E-04,       3.29118E-03,      -1.22016E-01]
  - [       2.62574E-01,       0.00000E+00,       3.21750E+01,      -8.30521E-05,       1.47447E-03,      -1.07038E-01]
  - [       2.63802E-01,       0.00000E+00,       3.51000E+01,       2.87958E-05,      -6.96548E-04,      -9.36921E-02]
  - [       2.58147E-01,       0.00000E+00,       3.80250E+01,       1.29936E-04,      -3.22827E-03,      -8.19469E-02]
  - [       2.44564E-01,       0.00000E+00,       4.09500E+01,       2.19066E-04,      -6.11410E-03,      -7.17011E-02]
  - [       2.22040E-01,       0.00000E+00,       4.38750E+01,       2.95288E-04,      -9.33602E-03,      -6.28014E-02]
  - [       1.89632E-01,       0.00000E+00,       4.68000E+01,       3.57995E-04,      -1.28661E-02,      -5.50588E-02]
  - [       1.46488E-01,       0.00000E+00,       4.97250E+01,       4.06662E-04,      -1.66684E-02,      -4.82640E-02]
  - [       9.18727E-02,       0.00000E+00,       5.26500E+01,       4.40627E-04,      -2.06999E-02,      -4.22011E-02]
  - [       2.51838E-02,       0.00000E+00,       5.55750E+01,       4.58886E-04,      -2.49130E-02,      -3.66589E-02]
  - [      -5.40376E-02,       0.00000E+00,       5.85000E+01,       4.59984E-04,      -2.92563E-02,      -3.14416E-02]
  - [      -1.46098E-01,       0.00000E+00,       6.14250E+01,       4.42007E-04,      -3.36767E-02,      -2.63770E-02]
  - [      -2.51148E-01,       0.00000E+00,       6.43500E+01,       4.02712E-04,      -3.81211E-02,      -2.13243E-02]
  - [      -3.69186E-01,       0.00000E+00,       6.72750E+01,       3.39786E-04,      -4.25375E-02,      -1.61786E-02]
  - [      -5.00062E-01,       0.00000E+00,       7.02000E+01,       2.51215E-04,      -4.68772E-02,      -1.08755E-02]
  - [      -6.43490E-01,       0.00000E+00,       7.31250E+01,       1.35741E-04,      -5.10961E-02,      -5.39287E-03]
  - [      -7.99064E-01,       0.00000E+00,       7.60500E+01,      -6.66132E-06,      -5.51563E-02,       2.48708E-04]
  - [      -9.66278E-01,       0.00000E+00,       7.89750E+01,      -1.74336E-04,      -5.90277E-02,       5.98669E-03]
  - [      -1.14455E+00,       0.00000E+00,       8.19000E+01,      -3.63589E-04,      -6.26899E-02,       1.17195E-02]
  - [      -1.33326E+00,       0.00000E+00,       8.48250E+01,      -5.68499E-04,      -6.61331E-02,       1.73109E-02]
  - [      -1.53176E+00,       0.00000E+00,       8.77500E+01,      -7.80944E-04,      -6.93604E-02,       2.25957E-02]
  - [      -1.73945E+00,       0.00000E+00,       9.06750E+01,      -9.90894E-04,      -7.23887E-02,       2.73879E-02]
  - [      -1.95579E+00,       0.00000E+00,       9.36000E+01,      -1.18697E-03,      -7.52508E-02,       3.14889E-02]
  - [      -2.18036E+00,       0.00000E+00,       9.65250E+01,      -1.35727E-03,      -7.79968E-02,       3.46993E-02]
  - [      -2.41292E+00,       0.00000E+00,       9.94500E+01,      -1.49034E-03,      -8.06953E-02,       3.68305E-02]
  - [      -2.65347E+00,       0.00000E+00,       1.02375E+02,      -1.57628E-03,      -8.34356E-02,       3.77192E-02]
  - [      -2.90228E+00,       0.00000E+00,       1.05300E+02,      -1.60755E-03,      -8.63286E-02,       3.72425E-02]
  - [      -3.16000E+00,       0.00000E+00,       1.08225E+02,      -1.57938E-03,      -8.95087E-02,       3.53358E-02]
  - [      -3.42770E+00,       0.00000E+00,       1.11150E+02,      -1.48934E-03,      -9.31350E-02,       3.20112E-02]
  - [      -3.70698E+00,       0.00000E+00,       1.14075E+02,      -1.33527E-03,      -9.73926E-02,       2.73790E-02]
  - [      -4.00000E+00,       0.00000E+00,       1.17000E+02,      -1.11127E-03,      -1.02493E-01,       2.16698E-02]

# Sectional stiffness and mass matrices at quadrature points (in IEC coordinates)
# Quadrature point number:    1
Init_K_QP1: # 6 x 6
  - [    6.74038E+09,    2.65374E+06,    0.00000E+00,    0.00000E+00,    0.00000E+00,    1.48447E+08]
  - [    2.65374E+06,    6.72909E+09,    0.00000E+00,    0.00000E+00,    0.00000E+00,    3.89850E+07]
  - [    0.00000E+00,    0.00000E+00,    4.60511E+10,   -1.09249E+09,    1.88291E+07,    0.00000E+00]
  - [    0.00000E+00,    0.00000E+00,   -1.09249E+09,    1.49629E+11,   -2.25815E+07,    0.00000E+00]
  - [    0.00000E+00,    0.00000E+00,    1.88291E+07,   -2.25815E+07,    1.49729E+11,    0.00000E+00]
  - [    1.48447E+08,    3.89850E+07,    0.00000E+00,    0.00000E+00,    0.00000E+00,    8.74892E+10]
Init_M_QP1: # 6 x 6
  - [    3.12740E+03,    0.00000E+00,    0.00000E+00,    0.00000E+00,    0.00000E+00,    7.39320E+01]
  - [    0.00000E+00,    3.12740E+03,    0.00000E+00,    0.00000E+00,    0.00000E+00,   -2.32279E-01]
  - [    0.00000E+00,    0.00000E+00,    3.12740E+03,   -7.39320E+01,    2.32279E-01,    0.00000E+00]
  - [    0.00000E+00,    0.00000E+00,   -7.39320E+01,    1.01680E+04,    1.06831E+00,    0.00000E+00]
  - [    0.00000E+00,    0.00000E+00,    2.32279E-01,    1.06831E+00,    1.01663E+04,    0.00000E+00]
  - [    7.39320E+01,   -2.32279E-01,    0.00000E+00,    0.00000E+00,    0.00000E+00,    2.03343E+04]
# Quadrature point number:    2
Init_K_QP2: # 6 x 6
  - [    6.56248E+09,    1.13867E+06,    0.00000E+00,    0.00000E+00,    0.00000E+00,    2.73198E+07]
  - [    1.13867E+06,    6.55878E+09,    0.00000E+00,    0.00000E+00,    0.00000E+00,    2.77966E+07]
  - [    0.00000E+00,    0.00000E+00,    4.49012E+10,   -2.54943E+08,    1.10826E+07,    0.00000E+00]
  - [    0.00000E+00,    0.00000E+00,   -2.54943E+08,    1.45979E+11,   -1.27570E+08,    0.00000E+00]
  - [    0.00000E+00,    0.00000E+00,    1.10826E+07,   -1.27570E+08,    1.46433E+11,    0.00000E+00]
  - [    2.73198E+07,    2.77966E+07,    0.00000E+00,    0.00000E+00,    0.00000E+00,    8.53874E+10]
Init_M_QP2: # 6 x 6
  - [    3.04607E+03,    0.00000E+00,    0.00000E+00,    0.00000E+00,    0.00000E+00,    1.71213E+01]
  - [    0.00000E+00,    3.04607E+03,    0.00000E+00,    0.00000E+00,    0.00000E+00,   -2.00962E-01]
  - [    0.00000E+00,    0.00000E+00,    3.04607E+03,   -1.71213E+01,    2.00962E-01,    0.00000E+00]
  - [    0.00000E+00,    0.00000E+00,   -1.71213E+01,    9.91940E+03,    7.74588E-02,    0.00000E+00]
  - [    0.00000E+00,    0.00000E+00,    2.00962E-01,    7.74588E-02,    9.92190E+03,    0.00000E+00]
  - [    1.71213E+01,   -2.00962E-01,    0.00000E+00,    0.00000E+00,    0.00000E+00,    1.98413E+04]
# Quadrature point number:    3
Init_K_QP3: # 6 x 6
  - [    6.38459E+09,   -3.76401E+05,    0.00000E+00,    0.00000E+00,    0.00000E+00,   -9.38072E+07]
  - [   -3.76401E+05,    6.38848E+09,    0.00000E+00,    0.00000E+00,    0.00000E+00,    1.66083E+07]
  - [    0.00000E+00,    0.00000E+00,    4.37513E+10,    5.82610E+08,    3.33601E+06,    0.00000E+00]
  - [    0.00000E+00,    0.00000E+00,    5.82610E+08,    1.42329E+11,   -2.32559E+08,    0.00000E+00]
  - [    0.00000E+00,    0.00000E+00,    3.33601E+06,   -2.32559E+08,    1.43138E+11,    0.00000E+00]
  - [   -9.38072E+07,    1.66083E+07,    0.00000E+00,    0.00000E+00,    0.00000E+00,    8.32856E+10]
Init_M_QP3: # 6 x 6
  - [    2.96473E+03,    0.00000E+00,    0.00000E+00,    0.00000E+00,    0.00000E+00,   -3.96893E+01]
  - [    0.00000E+00,    2.96473E+03,    0.00000E+00,    0.00000E+00,    0.00000E+00,   -1.69646E-01]
  - [    0.00000E+00,    0.00000E+00,    2.96473E+03,    3.96893E+01,    1.69646E-01,    0.00000E+00]
  - [    0.00000E+00,    0.00000E+00,    3.96893E+01,    9.67082E+03,   -9.13396E-01,    0.00000E+00]
  - [    0.00000E+00,    0.00000E+00,    1.69646E-01,   -9.13396E-01,    9.67751E+03,    0.00000E+00]
  - [   -3.96893E+01,   -1.69646E-01,    0.00000E+00,    0.00000E+00,    0.00000E+00,    1.93483E+04]
# Quadrature point number:    4
Init_K_QP4: # 6 x 6
  - [    6.20901E+09,   -2.86388E+06,    0.00000E+00,    0.00000E+00,    0.00000E+00,   -1.98033E+08]
  - [   -2.86388E+06,    6.22195E+09,    0.00000E+00,    0.00000E+00,    0.00000E+00,    1.11016E+07]
  - [    0.00000E+00,    0.00000E+00,    4.26605E+10,    1.32709E+09,   -1.81665E+07,    0.00000E+00]
  - [    0.00000E+00,    0.00000E+00,    1.32709E+09,    1.38771E+11,   -4.19666E+08,    0.00000E+00]
  - [    0.00000E+00,    0.00000E+00,   -1.81665E+07,   -4.19666E+08,    1.40073E+11,    0.00000E+00]
  - [   -1.98033E+08,    1.11016E+07,    0.00000E+00,    0.00000E+00,    0.00000E+00,    8.11959E+10]
Init_M_QP4: # 6 x 6
  - [    2.88493E+03,    0.00000E+00,    0.00000E+00,    0.00000E+00,    0.00000E+00,   -9.02204E+01]
  - [    0.00000E+00,    2.88493E+03,    0.00000E+00,    0.00000E+00,    0.00000E+00,    1.11804E+00]
  - [    0.00000E+00,    0.00000E+00,    2.88493E+03,    9.02204E+01,   -1.11804E+00,    0.00000E+00]
  - [    0.00000E+00,    0.00000E+00,    9.02204E+01,    9.42727E+03,   -3.52838E+00,    0.00000E+00]
  - [    0.00000E+00,    0.00000E+00,   -1.11804E+00,   -3.52838E+00,    9.43374E+03,    0.00000E+00]
  - [   -9.02204E+01,    1.11804E+00,    0.00000E+00,    0.00000E+00,    0.00000E+00,    1.88610E+04]
# Quadrature point number:    5
Init_K_QP5: # 6 x 6
  - [    6.03343E+09,   -5.35136E+06,    0.00000E+00,    0.00000E+00,    0.00000E+00,   -3.02258E+08]
  - [   -5.35136E+06,    6.05542E+09,    0.00000E+00,    0.00000E+00,    0.00000E+00,    5.59487E+06]
  - [    0.00000E+00,    0.00000E+00,    4.15697E+10,    2.07157E+09,   -3.96691E+07,    0.00000E+00]
  - [    0.00000E+00,    0.00000E+00,    2.07157E+09,    1.35213E+11,   -6.06773E+08,    0.00000E+00]
  - [    0.00000E+00,    0.00000E+00,   -3.96691E+07,   -6.06773E+08,    1.37009E+11,    0.00000E+00]
  - [   -3.02258E+08,    5.59487E+06,    0.00000E+00,    0.00000E+00,    0.00000E+00,    7.91062E+10]
Init_M_QP5: # 6 x 6
  - [    2.80513E+03,    0.00000E+00,    0.00000E+00,    0.00000E+00,    0.00000E+00,   -1.40751E+02]
  - [    0.00000E+00,    2.80513E+03,    0.00000E+00,    0.00000E+00,    0.00000E+00,    2.40572E+00]
  - [    0.00000E+00,    0.00000E+00,    2.80513E+03,    1.40751E+02,   -2.40572E+00,    0.00000E+00]
  - [    0.00000E+00,    0.00000E+00,    1.40751E+02,    9.18372E+03,   -6.14336E+00,    0.00000E+00]
  - [    0.00000E+00,    0.00000E+00,   -2.40572E+00,   -6.14336E+00,    9.18998E+03,    0.00000E+00]
  - [   -1.40751E+02,    2.40572E+00,    0.00000E+00,    0.00000E+00,    0.00000E+00,    1.83737E+04]
# Quadrature point number:    6
Init_K_QP6: # 6 x 6
  - [    5.71668E+09,   -1.40313E+06,    0.00000E+00,    0.00000E+00,    0.00000E+00,   -3.39344E+08]
  - [   -1.40313E+06,    5.90682E+09,    0.00000E+00,    0.00000E+00,    0.00000E+00,    1.26520E+07]
  - [    0.00000E+00,    0.00000E+00,    4.01198E+10,    2.40559E+09,   -8.94049E+07,    0.00000E+00]
  - [    0.00000E+00,    0.00000E+00,    2.40559E+09,    1.29249E+11,   -9.77556E+08,    0.00000E+00]
  - [    0.00000E+00,    0.00000E+00,   -8.94049E+07,   -9.77556E+08,    1.28261E+11,    0.00000E+00]
  - [   -3.39344E+08,    1.26520E+07,    0.00000E+00,    0.00000E+00,    0.00000E+00,    7.45397E+10]
Init_M_QP6: # 6 x 6
  - [    2.69813E+03,    0.00000E+00,    0.00000E+00,    0.00000E+00,    0.00000E+00,   -1.63629E+02]
  - [    0.00000E+00,    2.69813E+03,    0.00000E+00,    0.00000E+00,    0.00000E+00,    5.62802E+00]
  - [    0.00000E+00,    0.00000E+00,    2.69813E+03,    1.63629E+02,   -5.62802E+00,    0.00000E+00]
  - [    0.00000E+00,    0.00000E+00,    1.63629E+02,    8.77520E+03,   -1.81597E+01,    0.00000E+00]
  - [    0.00000E+00,    0.00000E+00,   -5.62802E+00,   -1.81597E+01,    8.55177E+03,    0.00000E+00]
  - [   -1.63629E+02,    5.62802E+00,    0.00000E+00,    0.00000E+00,    0.00000E+00,    1.73270E+04]
# Quadrature point number:    7
Init_K_QP7: # 6 x 6
  - [    5.39994E+09,    2.54511E+06,    0.00000E+00,    0.00000E+00,    0.00000E+00,   -3.76430E+08]
  - [    2.54511E+06,    5.75822E+09,    0.00000E+00,    0.00000E+00,    0.00000E+00,    1.97091E+07]
  - [    0.00000E+00,    0.00000E+00,    3.86700E+10,    2.73960E+09,   -1.39141E+08,    0.00000E+00]
  - [    0.00000E+00,    0.00000E+00,    2.73960E+09,    1.23284E+11,   -1.34834E+09,    0.00000E+00]
  - [    0.00000E+00,    0.00000E+00,   -1.39141E+08,   -1.34834E+09,    1.19514E+11,    0.00000E+00]
  - [   -3.76430E+08,    1.97091E+07,    0.00000E+00,    0.00000E+00,    0.00000E+00,    6.99733E+10]
Init_M_QP7: # 6 x 6
  - [    2.59114E+03,    0.00000E+00,    0.00000E+00,    0.00000E+00,    0.00000E+00,   -1.86507E+02]
  - [    0.00000E+00,    2.59114E+03,    0.00000E+00,    0.00000E+00,    0.00000E+00,    8.85032E+00]
  - [    0.00000E+00,    0.00000E+00,    2.59114E+03,    1.86507E+02,   -8.85032E+00,    0.00000E+00]
  - [    0.00000E+00,    0.00000E+00,    1.86507E+02,    8.36667E+03,   -3.01760E+01,    0.00000E+00]
  - [    0.00000E+00,    0.00000E+00,   -8.85032E+00,   -3.01760E+01,    7.91356E+03,    0.00000E+00]
  - [   -1.86507E+02,    8.85032E+00,    0.00000E+00,    0.00000E+00,    0.00000E+00,    1.62802E+04]
# Quadrature point number:    8
Init_K_QP8: # 6 x 6
  - [    5.10030E+09,    4.49554E+06,    0.00000E+00,    0.00000E+00,    0.00000E+00,   -3.93228E+08]
  - [    4.49554E+06,    5.61347E+09,    0.00000E+00,    0.00000E+00,    0.00000E+00,    2.40857E+07]
  - [    0.00000E+00,    0.00000E+00,    3.73545E+10,    3.02505E+09,   -1.70550E+08,    0.00000E+00]
  - [    0.00000E+00,    0.00000E+00,    3.02505E+09,    1.17754E+11,   -1.74003E+09,    0.00000E+00]
  - [    0.00000E+00,    0.00000E+00,   -1.70550E+08,   -1.74003E+09,    1.11940E+11,    0.00000E+00]
  - [   -3.93228E+08,    2.40857E+07,    0.00000E+00,    0.00000E+00,    0.00000E+00,    6.57532E+10]
Init_M_QP8: # 6 x 6
  - [    2.49013E+03,    0.00000E+00,    0.00000E+00,    0.00000E+00,    0.00000E+00,   -2.06090E+02]
  - [    0.00000E+00,    2.49013E+03,    0.00000E+00,    0.00000E+00,    0.00000E+00,    1.07901E+01]
  - [    0.00000E+00,    0.00000E+00,    2.49013E+03,    2.06090E+02,   -1.07901E+01,    0.00000E+00]
  - [    0.00000E+00,    0.00000E+00,    2.06090E+02,    7.98633E+03,   -4.06571E+01,    0.00000E+00]
  - [    0.00000E+00,    0.00000E+00,   -1.07901E+01,   -4.06571E+01,    7.34613E+03,    0.00000E+00]
  - [   -2.06090E+02,    1.07901E+01,    0.00000E+00,    0.00000E+00,    0.00000E+00,    1.53325E+04]
# Quadrature point number:    9
Init_K_QP9: # 6 x 6
  - [    4.80067E+09,    6.44597E+06,    0.00000E+00,    0.00000E+00,    0.00000E+00,   -4.10026E+08]
  - [    6.44597E+06,    5.46872E+09,    0.00000E+00,    0.00000E+00,    0.00000E+00,    2.84623E+07]
  - [    0.00000E+00,    0.00000E+00,    3.60390E+10,    3.31050E+09,   -2.01960E+08,    0.00000E+00]
  - [    0.00000E+00,    0.00000E+00,    3.31050E+09,    1.12223E+11,   -2.13173E+09,    0.00000E+00]
  - [    0.00000E+00,    0.00000E+00,   -2.01960E+08,   -2.13173E+09,    1.04365E+11,    0.00000E+00]
  - [   -4.10026E+08,    2.84623E+07,    0.00000E+00,    0.00000E+00,    0.00000E+00,    6.15332E+10]
Init_M_QP9: # 6 x 6
  - [    2.38912E+03,    0.00000E+00,    0.00000E+00,    0.00000E+00,    0.00000E+00,   -2.25673E+02]
  - [    0.00000E+00,    2.38912E+03,    0.00000E+00,    0.00000E+00,    0.00000E+00,    1.27298E+01]
  - [    0.00000E+00,    0.00000E+00,    2.38912E+03,    2.25673E+02,   -1.27298E+01,    0.00000E+00]
  - [    0.00000E+00,    0.00000E+00,    2.25673E+02,    7.60600E+03,   -5.11381E+01,    0.00000E+00]
  - [    0.00000E+00,    0.00000E+00,   -1.27298E+01,   -5.11381E+01,    6.77871E+03,    0.00000E+00]
  - [   -2.25673E+02,    1.27298E+01,    0.00000E+00,    0.00000E+00,    0.00000E+00,    1.43847E+04]
# Quadrature point number:   10
Init_K_QP10: # 6 x 6
  - [    4.52313E+09,    6.45057E+06,    0.00000E+00,    0.00000E+00,    0.00000E+00,   -4.16607E+08]
  - [    6.45057E+06,    5.33235E+09,    0.00000E+00,    0.00000E+00,    0.00000E+00,    3.21382E+07]
  - [    0.00000E+00,    0.00000E+00,    3.48927E+10,    3.61577E+09,   -2.25430E+08,    0.00000E+00]
  - [    0.00000E+00,    0.00000E+00,    3.61577E+09,    1.07455E+11,   -2.53517E+09,    0.00000E+00]
  - [    0.00000E+00,    0.00000E+00,   -2.25430E+08,   -2.53517E+09,    9.81717E+10,    0.00000E+00]
  - [   -4.16607E+08,    3.21382E+07,    0.00000E+00,    0.00000E+00,    0.00000E+00,    5.78345E+10]
Init_M_QP10: # 6 x 6
  - [    2.29632E+03,    0.00000E+00,    0.00000E+00,    0.00000E+00,    0.00000E+00,   -2.46171E+02]
  - [    0.00000E+00,    2.29632E+03,    0.00000E+00,    0.00000E+00,    0.00000E+00,    1.42530E+01]
  - [    0.00000E+00,    0.00000E+00,    2.29632E+03,    2.46171E+02,   -1.42530E+01,    0.00000E+00]
  - [    0.00000E+00,    0.00000E+00,    2.46171E+02,    7.27651E+03,   -6.02405E+01,    0.00000E+00]
  - [    0.00000E+00,    0.00000E+00,   -1.42530E+01,   -6.02405E+01,    6.29772E+03,    0.00000E+00]
  - [   -2.46171E+02,    1.42530E+01,    0.00000E+00,    0.00000E+00,    0.00000E+00,    1.35742E+04]
# Quadrature point number:   11
Init_K_QP11: # 6 x 6
  - [    4.24560E+09,    6.45516E+06,    0.00000E+00,    0.00000E+00,    0.00000E+00,   -4.23187E+08]
  - [    6.45516E+06,    5.19598E+09,    0.00000E+00,    0.00000E+00,    0.00000E+00,    3.58141E+07]
  - [    0.00000E+00,    0.00000E+00,    3.37464E+10,    3.92105E+09,   -2.48901E+08,    0.00000E+00]
  - [    0.00000E+00,    0.00000E+00,    3.92105E+09,    1.02687E+11,   -2.93860E+09,    0.00000E+00]
  - [    0.00000E+00,    0.00000E+00,   -2.48901E+08,   -2.93860E+09,    9.19780E+10,    0.00000E+00]
  - [   -4.23187E+08,    3.58141E+07,    0.00000E+00,    0.00000E+00,    0.00000E+00,    5.41358E+10]
Init_M_QP11: # 6 x 6
  - [    2.20352E+03,    0.00000E+00,    0.00000E+00,    0.00000E+00,    0.00000E+00,   -2.66670E+02]
  - [    0.00000E+00,    2.20352E+03,    0.00000E+00,    0.00000E+00,    0.00000E+00,    1.57762E+01]
  - [    0.00000E+00,    0.00000E+00,    2.20352E+03,    2.66670E+02,   -1.57762E+01,    0.00000E+00]
  - [    0.00000E+00,    0.00000E+00,    2.66670E+02,    6.94702E+03,   -6.93429E+01,    0.00000E+00]
  - [    0.00000E+00,    0.00000E+00,   -1.57762E+01,   -6.93429E+01,    5.81673E+03,    0.00000E+00]
  - [   -2.66670E+02,    1.57762E+01,    0.00000E+00,    0.00000E+00,    0.00000E+00,    1.27638E+04]
# Quadrature point number:   12
Init_K_QP12: # 6 x 6
  - [    3.63039E+09,    1.99317E+05,    0.00000E+00,    0.00000E+00,    0.00000E+00,   -3.79384E+08]
  - [    1.99317E+05,    4.87404E+09,    0.00000E+00,    0.00000E+00,    0.00000E+00,    4.45804E+07]
  - [    0.00000E+00,    0.00000E+00,    3.14793E+10,    4.57308E+09,   -2.82761E+08,    0.00000E+00]
  - [    0.00000E+00,    0.00000E+00,    4.57308E+09,    9.25714E+10,   -3.88111E+09,    0.00000E+00]
  - [    0.00000E+00,    0.00000E+00,   -2.82761E+08,   -3.88111E+09,    8.03321E+10,    0.00000E+00]
  - [   -3.79384E+08,    4.45804E+07,    0.00000E+00,    0.00000E+00,    0.00000E+00,    4.62772E+10]
Init_M_QP12: # 6 x 6
  - [    1.99854E+03,    0.00000E+00,    0.00000E+00,    0.00000E+00,    0.00000E+00,   -3.08154E+02]
  - [    0.00000E+00,    1.99854E+03,    0.00000E+00,    0.00000E+00,    0.00000E+00,    1.85484E+01]
  - [    0.00000E+00,    0.00000E+00,    1.99854E+03,    3.08154E+02,   -1.85484E+01,    0.00000E+00]
  - [    0.00000E+00,    0.00000E+00,    3.08154E+02,    6.24462E+03,   -8.63124E+01,    0.00000E+00]
  - [    0.00000E+00,    0.00000E+00,   -1.85484E+01,   -8.63124E+01,    4.86566E+03,    0.00000E+00]
  - [   -3.08154E+02,    1.85484E+01,    0.00000E+00,    0.00000E+00,    0.00000E+00,    1.11103E+04]
# Quadrature point number:   13
Init_K_QP13: # 6 x 6
  - [    3.01518E+09,   -6.05653E+06,    0.00000E+00,    0.00000E+00,    0.00000E+00,   -3.35582E+08]
  - [   -6.05653E+06,    4.55209E+09,    0.00000E+00,    0.00000E+00,    0.00000E+00,    5.33468E+07]
  - [    0.00000E+00,    0.00000E+00,    2.92121E+10,    5.22511E+09,   -3.16621E+08,    0.00000E+00]
  - [    0.00000E+00,    0.00000E+00,    5.22511E+09,    8.24562E+10,   -4.82362E+09,    0.00000E+00]
  - [    0.00000E+00,    0.00000E+00,   -3.16621E+08,   -4.82362E+09,    6.86861E+10,    0.00000E+00]
  - [   -3.35582E+08,    5.33468E+07,    0.00000E+00,    0.00000E+00,    0.00000E+00,    3.84186E+10]
Init_M_QP13: # 6 x 6
  - [    1.79356E+03,    0.00000E+00,    0.00000E+00,    0.00000E+00,    0.00000E+00,   -3.49639E+02]
  - [    0.00000E+00,    1.79356E+03,    0.00000E+00,    0.00000E+00,    0.00000E+00,    2.13206E+01]
  - [    0.00000E+00,    0.00000E+00,    1.79356E+03,    3.49639E+02,   -2.13206E+01,    0.00000E+00]
  - [    0.00000E+00,    0.00000E+00,    3.49639E+02,    5.54222E+03,   -1.03282E+02,    0.00000E+00]
  - [    0.00000E+00,    0.00000E+00,   -2.13206E+01,   -1.03282E+02,    3.91460E+03,    0.00000E+00]
  - [   -3.49639E+02,    2.13206E+01,    0.00000E+00,    0.00000E+00,    0.00000E+00,    9.45682E+03]
# Quadrature point number:   14
Init_K_QP14: # 6 x 6
  - [    2.71722E+09,    5.36146E+07,    0.00000E+00,    0.00000E+00,    0.00000E+00,   -2.85482E+08]
  - [    5.36146E+07,    4.26872E+09,    0.00000E+00,    0.00000E+00,    0.00000E+00,    7.05640E+07]
  - [    0.00000E+00,    0.00000E+00,    2.82756E+10,    6.87229E+09,   -4.17469E+08,    0.00000E+00]
  - [    0.00000E+00,    0.00000E+00,    6.87229E+09,    7.76188E+10,   -5.47859E+09,    0.00000E+00]
  - [    0.00000E+00,    0.00000E+00,   -4.17469E+08,   -5.47859E+09,    6.04748E+10,    0.00000E+00]
  - [   -2.85482E+08,    7.05640E+07,    0.00000E+00,    0.00000E+00,    0.00000E+00,    3.19235E+10]
Init_M_QP14: # 6 x 6
  - [    1.74403E+03,    0.00000E+00,    0.00000E+00,    0.00000E+00,    0.00000E+00,   -4.37535E+02]
  - [    0.00000E+00,    1.74403E+03,    0.00000E+00,    0.00000E+00,    0.00000E+00,    2.74761E+01]
  - [    0.00000E+00,    0.00000E+00,    1.74403E+03,    4.37535E+02,   -2.74761E+01,    0.00000E+00]
  - [    0.00000E+00,    0.00000E+00,    4.37535E+02,    5.21292E+03,   -1.31352E+02,    0.00000E+00]
  - [    0.00000E+00,    0.00000E+00,   -2.74761E+01,   -1.31352E+02,    3.35028E+03,    0.00000E+00]
  - [   -4.37535E+02,    2.74761E+01,    0.00000E+00,    0.00000E+00,    0.00000E+00,    8.56319E+03]
# Quadrature point number:   15
Init_K_QP15: # 6 x 6
  - [    2.41925E+09,    1.13286E+08,    0.00000E+00,    0.00000E+00,    0.00000E+00,   -2.35383E+08]
  - [    1.13286E+08,    3.98535E+09,    0.00000E+00,    0.00000E+00,    0.00000E+00,    8.77812E+07]
  - [    0.00000E+00,    0.00000E+00,    2.73392E+10,    8.51946E+09,   -5.18317E+08,    0.00000E+00]
  - [    0.00000E+00,    0.00000E+00,    8.51946E+09,    7.27814E+10,   -6.13356E+09,    0.00000E+00]
  - [    0.00000E+00,    0.00000E+00,   -5.18317E+08,   -6.13356E+09,    5.22634E+10,    0.00000E+00]
  - [   -2.35383E+08,    8.77812E+07,    0.00000E+00,    0.00000E+00,    0.00000E+00,    2.54283E+10]
Init_M_QP15: # 6 x 6
  - [    1.69451E+03,    0.00000E+00,    0.00000E+00,    0.00000E+00,    0.00000E+00,   -5.25431E+02]
  - [    0.00000E+00,    1.69451E+03,    0.00000E+00,    0.00000E+00,    0.00000E+00,    3.36315E+01]
  - [    0.00000E+00,    0.00000E+00,    1.69451E+03,    5.25431E+02,   -3.36315E+01,    0.00000E+00]
  - [    0.00000E+00,    0.00000E+00,    5.25431E+02,    4.88361E+03,   -1.59423E+02,    0.00000E+00]
  - [    0.00000E+00,    0.00000E+00,   -3.36315E+01,   -1.59423E+02,    2.78596E+03,    0.00000E+00]
  - [   -5.25431E+02,    3.36315E+01,    0.00000E+00,    0.00000E+00,    0.00000E+00,    7.66957E+03]
# Quadrature point number:   16
Init_K_QP16: # 6 x 6
  - [    1.67778E+09,    9.70595E+07,    0.00000E+00,    0.00000E+00,    0.00000E+00,   -6.25799E+07]
  - [    9.70595E+07,    3.14987E+09,    0.00000E+00,    0.00000E+00,    0.00000E+00,    9.51498E+07]
  - [    0.00000E+00,    0.00000E+00,    2.50025E+10,    9.60968E+09,   -3.85328E+08,    0.00000E+00]
  - [    0.00000E+00,    0.00000E+00,    9.60968E+09,    6.34533E+10,   -5.48662E+09,    0.00000E+00]
  - [    0.00000E+00,    0.00000E+00,   -3.85328E+08,   -5.48662E+09,    4.01259E+10,    0.00000E+00]
  - [   -6.25799E+07,    9.51498E+07,    0.00000E+00,    0.00000E+00,    0.00000E+00,    1.67525E+10]
Init_M_QP16: # 6 x 6
  - [    1.37251E+03,    0.00000E+00,    0.00000E+00,    0.00000E+00,    0.00000E+00,   -5.67801E+02]
  - [    0.00000E+00,    1.37251E+03,    0.00000E+00,    0.00000E+00,    0.00000E+00,    2.90600E+01]
  - [    0.00000E+00,    0.00000E+00,    1.37251E+03,    5.67801E+02,   -2.90600E+01,    0.00000E+00]
  - [    0.00000E+00,    0.00000E+00,    5.67801E+02,    4.10225E+03,   -1.34417E+02,    0.00000E+00]
  - [    0.00000E+00,    0.00000E+00,   -2.90600E+01,   -1.34417E+02,    1.87113E+03,    0.00000E+00]
  - [   -5.67801E+02,    2.90600E+01,    0.00000E+00,    0.00000E+00,    0.00000E+00,    5.97338E+03]
# Quadrature point number:   17
Init_K_QP17: # 6 x 6
  - [    9.36315E+08,    8.08331E+07,    0.00000E+00,    0.00000E+00,    0.00000E+00,    1.10223E+08]
  - [    8.08331E+07,    2.31439E+09,    0.00000E+00,    0.00000E+00,    0.00000E+00,    1.02518E+08]
  - [    0.00000E+00,    0.00000E+00,    2.26658E+10,    1.06999E+10,   -2.52340E+08,    0.00000E+00]
  - [    0.00000E+00,    0.00000E+00,    1.06999E+10,    5.41252E+10,   -4.83969E+09,    0.00000E+00]
  - [    0.00000E+00,    0.00000E+00,   -2.52340E+08,   -4.83969E+09,    2.79884E+10,    0.00000E+00]
  - [    1.10223E+08,    1.02518E+08,    0.00000E+00,    0.00000E+00,    0.00000E+00,    8.07664E+09]
Init_M_QP17: # 6 x 6
  - [    1.05050E+03,    0.00000E+00,    0.00000E+00,    0.00000E+00,    0.00000E+00,   -6.10171E+02]
  - [    0.00000E+00,    1.05050E+03,    0.00000E+00,    0.00000E+00,    0.00000E+00,    2.44884E+01]
  - [    0.00000E+00,    0.00000E+00,    1.05050E+03,    6.10171E+02,   -2.44884E+01,    0.00000E+00]
  - [    0.00000E+00,    0.00000E+00,    6.10171E+02,    3.32089E+03,   -1.09412E+02,    0.00000E+00]
  - [    0.00000E+00,    0.00000E+00,   -2.44884E+01,   -1.09412E+02,    9.56309E+02,    0.00000E+00]
  - [   -6.10171E+02,    2.44884E+01,    0.00000E+00,    0.00000E+00,    0.00000E+00,    4.27720E+03]
# Quadrature point number:   18
Init_K_QP18: # 6 x 6
  - [    6.97896E+08,    6.57782E+07,    0.00000E+00,    0.00000E+00,    0.00000E+00,    7.74234E+07]
  - [    6.57782E+07,    1.63871E+09,    0.00000E+00,    0.00000E+00,    0.00000E+00,    8.29684E+07]
  - [    0.00000E+00,    0.00000E+00,    2.15580E+10,    9.93820E+09,   -2.85271E+08,    0.00000E+00]
  - [    0.00000E+00,    0.00000E+00,    9.93820E+09,    4.66610E+10,   -4.11757E+09,    0.00000E+00]
  - [    0.00000E+00,    0.00000E+00,   -2.85271E+08,   -4.11757E+09,    2.49044E+10,    0.00000E+00]
  - [    7.74234E+07,    8.29684E+07,    0.00000E+00,    0.00000E+00,    0.00000E+00,    5.42235E+09]
Init_M_QP18: # 6 x 6
  - [    8.59672E+02,    0.00000E+00,    0.00000E+00,    0.00000E+00,    0.00000E+00,   -5.64748E+02]
  - [    0.00000E+00,    8.59672E+02,    0.00000E+00,    0.00000E+00,    0.00000E+00,    2.23818E+01]
  - [    0.00000E+00,    0.00000E+00,    8.59672E+02,    5.64748E+02,   -2.23818E+01,    0.00000E+00]
  - [    0.00000E+00,    0.00000E+00,    5.64748E+02,    2.78722E+03,   -9.18345E+01,    0.00000E+00]
  - [    0.00000E+00,    0.00000E+00,   -2.23818E+01,   -9.18345E+01,    7.16336E+02,    0.00000E+00]
  - [   -5.64748E+02,    2.23818E+01,    0.00000E+00,    0.00000E+00,    0.00000E+00,    3.50356E+03]
# Quadrature point number:   19
Init_K_QP19: # 6 x 6
  - [    4.59477E+08,    5.07232E+07,    0.00000E+00,    0.00000E+00,    0.00000E+00,    4.46241E+07]
  - [    5.07232E+07,    9.63021E+08,    0.00000E+00,    0.00000E+00,    0.00000E+00,    6.34185E+07]
  - [    0.00000E+00,    0.00000E+00,    2.04502E+10,    9.17649E+09,   -3.18202E+08,    0.00000E+00]
  - [    0.00000E+00,    0.00000E+00,    9.17649E+09,    3.91969E+10,   -3.39545E+09,    0.00000E+00]
  - [    0.00000E+00,    0.00000E+00,   -3.18202E+08,   -3.39545E+09,    2.18205E+10,    0.00000E+00]
  - [    4.46241E+07,    6.34185E+07,    0.00000E+00,    0.00000E+00,    0.00000E+00,    2.76807E+09]
Init_M_QP19: # 6 x 6
  - [    6.68839E+02,    0.00000E+00,    0.00000E+00,    0.00000E+00,    0.00000E+00,   -5.19324E+02]
  - [    0.00000E+00,    6.68839E+02,    0.00000E+00,    0.00000E+00,    0.00000E+00,    2.02751E+01]
  - [    0.00000E+00,    0.00000E+00,    6.68839E+02,    5.19324E+02,   -2.02751E+01,    0.00000E+00]
  - [    0.00000E+00,    0.00000E+00,    5.19324E+02,    2.25356E+03,   -7.42566E+01,    0.00000E+00]
  - [    0.00000E+00,    0.00000E+00,   -2.02751E+01,   -7.42566E+01,    4.76364E+02,    0.00000E+00]
  - [   -5.19324E+02,    2.02751E+01,    0.00000E+00,    0.00000E+00,    0.00000E+00,    2.72992E+03]
# Quadrature point number:   20
Init_K_QP20: # 6 x 6
  - [    3.70413E+08,    3.48929E+07,    0.00000E+00,    0.00000E+00,    0.00000E+00,    4.22063E+07]
  - [    3.48929E+07,    7.21543E+08,    0.00000E+00,    0.00000E+00,    0.00000E+00,    4.95342E+07]
  - [    0.00000E+00,    0.00000E+00,    2.04620E+10,    9.09056E+09,   -3.44289E+08,    0.00000E+00]
  - [    0.00000E+00,    0.00000E+00,    9.09056E+09,    3.72482E+10,   -2.46006E+09,    0.00000E+00]
  - [    0.00000E+00,    0.00000E+00,   -3.44289E+08,   -2.46006E+09,    1.87179E+10,    0.00000E+00]
  - [    4.22063E+07,    4.95342E+07,    0.00000E+00,    0.00000E+00,    0.00000E+00,    1.89710E+09]
Init_M_QP20: # 6 x 6
  - [    5.99950E+02,    0.00000E+00,    0.00000E+00,    0.00000E+00,    0.00000E+00,   -4.94256E+02]
  - [    0.00000E+00,    5.99950E+02,    0.00000E+00,    0.00000E+00,    0.00000E+00,    1.93410E+01]
  - [    0.00000E+00,    0.00000E+00,    5.99950E+02,    4.94256E+02,   -1.93410E+01,    0.00000E+00]
  - [    0.00000E+00,    0.00000E+00,    4.94256E+02,    2.05107E+03,   -6.26285E+01,    0.00000E+00]
  - [    0.00000E+00,    0.00000E+00,   -1.93410E+01,   -6.26285E+01,    3.72462E+02,    0.00000E+00]
  - [   -4.94256E+02,    1.93410E+01,    0.00000E+00,    0.00000E+00,    0.00000E+00,    2.42353E+03]
# Quadrature point number:   21
Init_K_QP21: # 6 x 6
  - [    2.81350E+08,    1.90625E+07,    0.00000E+00,    0.00000E+00,    0.00000E+00,    3.97885E+07]
  - [    1.90625E+07,    4.80065E+08,    0.00000E+00,    0.00000E+00,    0.00000E+00,    3.56500E+07]
  - [    0.00000E+00,    0.00000E+00,    2.04739E+10,    9.00463E+09,   -3.70376E+08,    0.00000E+00]
  - [    0.00000E+00,    0.00000E+00,    9.00463E+09,    3.52994E+10,   -1.52467E+09,    0.00000E+00]
  - [    0.00000E+00,    0.00000E+00,   -3.70376E+08,   -1.52467E+09,    1.56153E+10,    0.00000E+00]
  - [    3.97885E+07,    3.56500E+07,    0.00000E+00,    0.00000E+00,    0.00000E+00,    1.02613E+09]
Init_M_QP21: # 6 x 6
  - [    5.31061E+02,    0.00000E+00,    0.00000E+00,    0.00000E+00,    0.00000E+00,   -4.69187E+02]
  - [    0.00000E+00,    5.31061E+02,    0.00000E+00,    0.00000E+00,    0.00000E+00,    1.84069E+01]
  - [    0.00000E+00,    0.00000E+00,    5.31061E+02,    4.69187E+02,   -1.84069E+01,    0.00000E+00]
  - [    0.00000E+00,    0.00000E+00,    4.69187E+02,    1.84858E+03,   -5.10005E+01,    0.00000E+00]
  - [    0.00000E+00,    0.00000E+00,   -1.84069E+01,   -5.10005E+01,    2.68560E+02,    0.00000E+00]
  - [   -4.69187E+02,    1.84069E+01,    0.00000E+00,    0.00000E+00,    0.00000E+00,    2.11714E+03]
# Quadrature point number:   22
Init_K_QP22: # 6 x 6
  - [    2.52997E+08,    1.16201E+07,    0.00000E+00,    0.00000E+00,    0.00000E+00,    3.13056E+07]
  - [    1.16201E+07,    4.13483E+08,    0.00000E+00,    0.00000E+00,    0.00000E+00,    3.12972E+07]
  - [    0.00000E+00,    0.00000E+00,    2.09201E+10,    8.65546E+09,   -3.59774E+08,    0.00000E+00]
  - [    0.00000E+00,    0.00000E+00,    8.65546E+09,    3.31753E+10,   -1.07017E+09,    0.00000E+00]
  - [    0.00000E+00,    0.00000E+00,   -3.59774E+08,   -1.07017E+09,    1.44890E+10,    0.00000E+00]
  - [    3.13056E+07,    3.12972E+07,    0.00000E+00,    0.00000E+00,    0.00000E+00,    8.26591E+08]
Init_M_QP22: # 6 x 6
  - [    5.07523E+02,    0.00000E+00,    0.00000E+00,    0.00000E+00,    0.00000E+00,   -4.49367E+02]
  - [    0.00000E+00,    5.07523E+02,    0.00000E+00,    0.00000E+00,    0.00000E+00,    1.68281E+01]
  - [    0.00000E+00,    0.00000E+00,    5.07523E+02,    4.49367E+02,   -1.68281E+01,    0.00000E+00]
  - [    0.00000E+00,    0.00000E+00,    4.49367E+02,    1.70666E+03,   -4.25357E+01,    0.00000E+00]
  - [    0.00000E+00,    0.00000E+00,   -1.68281E+01,   -4.25357E+01,    2.36314E+02,    0.00000E+00]
  - [   -4.49367E+02,    1.68281E+01,    0.00000E+00,    0.00000E+00,    0.00000E+00,    1.94297E+03]
# Quadrature point number:   23
Init_K_QP23: # 6 x 6
  - [    2.24644E+08,    4.17761E+06,    0.00000E+00,    0.00000E+00,    0.00000E+00,    2.28227E+07]
  - [    4.17761E+06,    3.46901E+08,    0.00000E+00,    0.00000E+00,    0.00000E+00,    2.69445E+07]
  - [    0.00000E+00,    0.00000E+00,    2.13664E+10,    8.30629E+09,   -3.49173E+08,    0.00000E+00]
  - [    0.00000E+00,    0.00000E+00,    8.30629E+09,    3.10512E+10,   -6.15674E+08,    0.00000E+00]
  - [    0.00000E+00,    0.00000E+00,   -3.49173E+08,   -6.15674E+08,    1.33628E+10,    0.00000E+00]
  - [    2.28227E+07,    2.69445E+07,    0.00000E+00,    0.00000E+00,    0.00000E+00,    6.27053E+08]
Init_M_QP23: # 6 x 6
  - [    4.83985E+02,    0.00000E+00,    0.00000E+00,    0.00000E+00,    0.00000E+00,   -4.29547E+02]
  - [    0.00000E+00,    4.83985E+02,    0.00000E+00,    0.00000E+00,    0.00000E+00,    1.52494E+01]
  - [    0.00000E+00,    0.00000E+00,    4.83985E+02,    4.29547E+02,   -1.52494E+01,    0.00000E+00]
