# mesh_transformation: 
# - name: move_to_pitch_axis 
displacement: [-0.3109720214696021, 0.0, 0.0] 

# - name: angle_of_attack 
angle: 50.0000 

# - type: airfoil_smd
mass_matrix : [6487.884235790796, -249.84540342727587, 1352.5882303412882, -249.84540342727587, 6728.125824479837, 1124.9901881654846, 1352.5882303412882, 1124.9901881654846, 7756.205425052474]
stiffness_matrix : [102418.08215923404, -33471.75212066975, -88169.30343426364, -33471.75212066975, 94702.03257332282, 51824.63741507368, -88169.30343426365, 51824.63741507369, 4765590.7772734575]
damping_matrix : [243.70772125537488, -46.51565171474964, -32.72689433093248, -46.51565171474965, 239.16181268094945, 62.94049138376673, -32.726894330932474, 62.94049138376673, 3723.699772866018]
force_transform_matrix : [61.329231681484316, -0.9182350265386212, 0.04766767512259737, -0.827371302033491, 61.727855565983496, -0.06892881104583945, -4.209361470708504, -4.7111524807778755, 60.07582310034999]
loads_scale: 0.7120147186785986 

# Misc Values for preparing runs.
chord_length: 2.8480588747143942
span_fraction: 0.7826179487179487
phi_matrix : [0.008210684071303575, 0.00924105120432798, -0.0028134096290016496, 0.009419539340517605, -0.00778082555214821, -0.0019485809756898719, 9.720245838926353e-05, 0.0002791326379457949, 0.011726131061864443]# mode shape matrix for reference 
