mass_matrix : [6487.884235790323, -249.84540342426453, 1352.5882303442866, -249.84540342426453, 6728.125824482328, 1124.9901881661121, 1352.5882303442866, 1124.9901881661121, 7756.205425055033]
stiffness_matrix : [102418.08215944184, -33471.75212052407, -88169.30343441393, -33471.75212052407, 94702.03257328902, 51824.63741505864, -88169.30343441393, 51824.63741505865, 4765590.777273924]
damping_matrix : [243.70772125564133, -46.51565171449046, -32.726894330924694, -46.5156517144905, 239.16181268097435, 62.94049138378091, -32.726894330924694, 62.94049138378091, 3723.699772866516]
force_transform_matrix : [61.32923168469656, -0.9182350264872206, 0.047667675125750326, -0.8273713020106186, 61.72785556907508, -0.0689288110440063, -4.2093614705946765, -4.711152480215085, 60.075823102633784]
