# mesh_transformation: 
# - name: move_to_pitch_axis - (this value is non-dimensional, may need to be multipled by chord for dimensional simulations). 
displacement: [-0.3109720214696021, 0.0, 0.0] 

# - name: angle_of_attack 
angle: 0.0000 

# - type: airfoil_smd
mass_matrix : [6874.913469988576, -74.91071740942903, 7.6345617339131735, -74.91071740942903, 6341.0965902820535, 1759.2724512688533, 7.6345617339131735, 1759.2724512688533, 7756.205425052474]
stiffness_matrix : [130853.36035363388, 9611.718238560508, -96374.11303203584, 9611.718238560508, 66266.75437892292, -34229.3652961238, -96374.11303203585, -34229.3652961238, 4765590.7772734575]
damping_matrix : [286.84904808088754, 10.315776589961708, -69.25165507736979, 10.315776589961708, 196.0204858554367, 15.387115948839728, -69.25165507736979, 15.387115948839735, 3723.699772866018]
force_transform_matrix : [62.96533571725505, -0.5390085859218292, 0.15406858109668234, -0.27036380920892467, 59.35734164528224, -0.025343174114720597, 5.273373313184776, -15.913104984430284, 63.073580681265376]
loads_scale: 0.08777908428071741 

# Misc Values for preparing runs.
chord_length: 2.8480588747143942
span_fraction: 0.7826179487179487
phi_matrix : [-0.0019380591596791295, -0.01190049149620234, -0.00031572539346781295, 0.012344512181528312, -0.0020776370671485747, -0.003407720504281312, 9.720245838926364e-05, -0.0002791326379457941, 0.011726131061864438]# mode shape matrix for reference 
tip_per_cross : [1.7581612583848407, 1.6732226585579184, 1.1519253407551657]# for reference tip displacement/cross section for flap,edge,twist for those modes respectively. 
