# mesh_transformation: 
# - name: move_to_pitch_axis - (this value is non-dimensional, may need to be multipled by chord for dimensional simulations). 
displacement: [-0.3109720214696021, 0.0, 0.0] 

# - name: angle_of_attack 
angle: 50.0000 

# - type: airfoil_smd
mass_matrix : [6487.884210662361, -249.84539134601573, 1352.5882869147545, -249.84539134601528, 6728.12584960827, 1124.990120146572, 1352.5882869147545, 1124.990120146572, 7756.205425052474]
stiffness_matrix : [102418.07879278134, -33471.752508694015, -88169.3008281079, -33471.75250869401, 94702.03593977548, 51824.641848928535, -88169.30082810792, 51824.64184892855, 4765590.7772734575]
damping_matrix : [243.70771657701977, -46.515651943353916, -32.72689116578315, -46.5156519433539, 239.16181735930445, 62.9404930295356, -32.726891165783144, 62.9404930295356, 3723.699772866018]
force_transform_matrix : [60.44953977855364, -1.8406396350727192, 0.07961937726935475, -1.5719948583598118, 61.87313758398364, -0.13431365871941015, -8.800486619124902, -14.26838503869001, 63.073580681265376]
loads_scale: 0.08777908428071741 

# Misc Values for preparing runs.
chord_length: 2.8480588747143942
span_fraction: 0.7826179487179487
phi_matrix : [0.00821068454499299, 0.009241050813046122, -0.0028134097269918194, 0.009419538927619032, -0.007780826016861814, -0.001948580834209224, 9.720245838926251e-05, 0.00027913263794579474, 0.01172613106186444]# mode shape matrix for reference 
