# mesh_transformation: 
# - name: move_to_pitch_axis - (this value is non-dimensional, may need to be multipled by chord for dimensional simulations). 
displacement: [-0.3109720214696021, 0.0, 0.0] 

# - name: angle_of_attack 
angle: 50.0000 

# - type: airfoil_smd
mass_matrix : [6487.884210661891, -249.8453913430012, 1352.5882869177533, -249.84539134300212, 6728.125849610762, 1124.9901201472, 1352.5882869177533, 1124.9901201472, 7756.205425055033]
stiffness_matrix : [102418.07879298915, -33471.75250854834, -88169.30082825822, -33471.75250854835, 94702.03593974172, 51824.64184891351, -88169.30082825822, 51824.641848913525, 4765590.777273924]
damping_matrix : [243.70771657728628, -46.51565194309477, -32.72689116577535, -46.51565194309477, 239.1618173593294, 62.94049302954978, -32.726891165775356, 62.94049302954979, 3723.699772866516]
force_transform_matrix : [60.449539781041665, -1.84063963502604, 0.07961937727209344, -1.5719948583292869, 61.87313758639479, -0.13431365871779105, -8.800486619041244, -14.268385038274182, 63.0735806830467]
loads_scale: 0.08777908428071741 

# Misc Values for preparing runs.
chord_length: 2.8480588747143942
span_fraction: 0.7826179487179487
phi_matrix : [0.008210684544966741, 0.009241050813069364, -0.002813409726997016, 0.009419538927635536, -0.007780826016837938, -0.0019485808342084169, 9.720245838902821e-05, 0.0002791326379465543, 0.011726131061863349]# mode shape matrix for reference 
tip_per_cross : [1.758161258384185, 1.6732226585583398, 1.1519253407551502]# for reference tip displacement/cross section for flap,edge,twist for those modes respectively. 
